0 0.2808174740484429 0.5640841013824884 0.0555795847750865 0.10800691244239631
0 0.5183823529411765 0.37067972350230416 0.07482698961937716 0.05241935483870968
0 0.7053416955017301 0.41085829493087556 0.0426038062283737 0.09763824884792627
0 0.6458693771626297 0.5851094470046083 0.07028546712802768 0.09245391705069124
0 0.38819204152249137 0.7389112903225806 0.06487889273356401 0.11434331797235023
0 0.2936851211072664 0.4612615207373272 0.05493079584775087 0.07920506912442396
0 0.3222318339100346 0.4314516129032258 0.06098615916955017 0.08755760368663594
0 0.4022491349480969 0.6582661290322581 0.07569204152249134 0.0699884792626728
0 0.4288494809688581 0.6226958525345622 0.07179930795847751 0.07085253456221198
0 0.4403114186851211 0.5054723502304147 0.050173010380622836 0.08352534562211981
0 0.4902681660899654 0.4925115207373272 0.046280276816609 0.08640552995391705
0 0.45501730103806226 0.4755184331797235 0.050173010380622836 0.08122119815668202
