0 0.42398356401384085 0.6355126728110599 0.045631487889273355 0.09533410138248848
0 0.4633434256055363 0.6237039170506913 0.0495242214532872 0.09475806451612903
0 0.5533088235294118 0.4295794930875576 0.04995674740484429 0.0918778801843318
0 0.4828070934256055 0.4650057603686636 0.0495242214532872 0.08323732718894009
0 0.5154628027681661 0.4642857142857143 0.06076989619377163 0.08640552995391705
0 0.5852076124567474 0.5132488479262672 0.04368512110726644 0.09965437788018433
0 0.5163278546712803 0.5272177419354839 0.07980103806228374 0.0538594470046083
0 0.523356401384083 0.5586117511520737 0.0722318339100346 0.04867511520737327
0 0.5100562283737025 0.6018145161290323 0.07893598615916955 0.06077188940092166
0 0.5456314878892734 0.6206797235023042 0.07698961937716263 0.08525345622119816
0 0.49805363321799306 0.7471198156682027 0.053200692041522495 0.10368663594470046
0 0.5206531141868512 0.7200460829493087 0.05687716262975778 0.11232718894009217
