0 0.6416522491349481 0.45247695852534564 0.07439446366782007 0.0858294930875576
0 0.3460207612456747 0.4274193548387097 0.031141868512110725 0.10080645161290322
0 0.3745674740484429 0.4485887096774194 0.03330449826989619 0.09821428571428571
0 0.481401384083045 0.41705069124423966 0.0657439446366782 0.09043778801843318
0 0.41706314878892736 0.4480126728110599 0.057742214532871976 0.09245391705069124
0 0.40484429065743943 0.5769009216589862 0.039792387543252594 0.10426267281105991
0 0.4359861591695502 0.5733006912442397 0.04498269896193772 0.12125576036866359
0 0.47869809688581316 0.5820852534562212 0.0685553633217993 0.10023041474654378
0 0.45804498269896193 0.5025921658986175 0.07742214532871973 0.08870967741935484
0 0.49264705882352944 0.486463133640553 0.07828719723183392 0.08755760368663594
0 0.5445501730103807 0.5154089861751152 0.05579584775086505 0.10858294930875576
0 0.5693122837370242 0.5449308755760369 0.05860726643598616 0.11232718894009217
