0 0.39586937716262977 0.6075748847926268 0.04606401384083045 0.10224654377880184
0 0.4443122837370242 0.6009504608294931 0.08066608996539792 0.08784562211981567
0 0.5370891003460208 0.5712845622119815 0.08326124567474048 0.053283410138248846
0 0.42560553633217996 0.4563652073732719 0.04411764705882353 0.09245391705069124
0 0.48323961937716264 0.44830069124423966 0.041306228373702424 0.09648617511520738
0 0.5724480968858131 0.4978398617511521 0.04065743944636678 0.10800691244239631
0 0.5001081314878892 0.5067684331797235 0.045631487889273355 0.10685483870967742
0 0.5136245674740484 0.41589861751152074 0.0393598615916955 0.09043778801843318
0 0.5377378892733564 0.4605414746543779 0.041306228373702424 0.10944700460829493
0 0.5373053633217993 0.346918202764977 0.07201557093425605 0.07862903225806452
0 0.5738538062283737 0.2733294930875576 0.06942041522491349 0.06854838709677419
0 0.5882352941176471 0.30069124423963134 0.06228373702422145 0.06797235023041474
