0 0.3141219723183391 0.7523041474654378 0.08023356401384082 0.08928571428571429
0 0.6353806228373703 0.8238767281105991 0.09126297577854671 0.059619815668202764
0 0.49643166089965396 0.6972926267281107 0.07720588235294118 0.08640552995391705
0 0.6484645328719724 0.6298963133640553 0.08499134948096886 0.0771889400921659
0 0.5072448096885813 0.6248559907834101 0.08499134948096886 0.06077188940092166
0 0.47707612456747406 0.5574596774193549 0.037197231833910036 0.10915898617511521
0 0.6451124567474048 0.5414746543778802 0.05795847750865052 0.0956221198156682
0 0.6176470588235294 0.528081797235023 0.058823529411764705 0.09763824884792627
0 0.5098399653979239 0.5214573732718893 0.045631487889273355 0.10685483870967742
0 0.5357915224913494 0.4997119815668203 0.0495242214532872 0.10080645161290322
0 0.5682309688581315 0.5126728110599078 0.0555795847750865 0.10368663594470046
0 0.6179714532871973 0.4396601382488479 0.045631487889273355 0.09763824884792627
0 0.5832612456747405 0.45089285714285715 0.03633217993079585 0.09994239631336406
0 0.5291955017301038 0.3980414746543779 0.06401384083044982 0.08237327188940093
0 0.42679498269896193 0.4102822580645161 0.07720588235294118 0.0699884792626728
0 0.4180363321799308 0.37485599078341014 0.07482698961937716 0.07920506912442396
