0 0.4054930795847751 0.47897465437788017 0.052768166089965395 0.10138248847926268
0 0.44788062283737023 0.4899193548387097 0.07352941176470588 0.08294930875576037
0 0.47058823529411764 0.42223502304147464 0.06487889273356401 0.08410138248847926
0 0.5015138408304498 0.5868375576036866 0.05103806228373702 0.10627880184331798
0 0.5219506920415224 0.41172235023041476 0.06942041522491349 0.08093317972350231
0 0.5289792387543253 0.4563652073732719 0.06271626297577855 0.09014976958525346
0 0.5422794117647058 0.485455069124424 0.056012110726643596 0.07632488479262672
0 0.5761245674740484 0.4735023041474654 0.032439446366782004 0.08237327188940093
0 0.6097534602076125 0.43649193548387094 0.027897923875432527 0.08266129032258064
0 0.5564446366782007 0.5724366359447005 0.05536332179930796 0.10512672811059907
0 0.598507785467128 0.5986463133640553 0.057742214532871976 0.10570276497695852
0 0.6406790657439446 0.5898617511520737 0.06336505190311419 0.0967741935483871
0 0.6021842560553633 0.5319700460829493 0.09018166089965397 0.043202764976958526
0 0.6251081314878892 0.49409562211981567 0.08023356401384082 0.0538594470046083
0 0.6756055363321799 0.4544930875576037 0.034169550173010384 0.09735023041474654
