0 0.2740051903114187 0.5862615207373272 0.046280276816609 0.10685483870967742
0 0.3697015570934256 0.6736751152073732 0.04173875432525952 0.12327188940092165
0 0.4245242214532872 0.6129032258064516 0.08347750865051903 0.07834101382488479
0 0.5910467128027682 0.6421370967741935 0.06877162629757785 0.10800691244239631
0 0.6454368512110726 0.6346486175115207 0.08023356401384082 0.08438940092165899
0 0.673659169550173 0.5784850230414746 0.08737024221453288 0.046370967741935484
0 0.5002162629757786 0.5702764976958525 0.08347750865051903 0.06278801843317973
0 0.35888840830449825 0.5023041474654378 0.08499134948096886 0.04838709677419355
0 0.47545415224913495 0.5388824884792627 0.08801903114186851 0.059907834101382486
0 0.35661764705882354 0.4292914746543779 0.07093425605536333 0.089573732718894
0 0.4187932525951557 0.4014976958525346 0.05947231833910035 0.09158986175115208
0 0.48086072664359863 0.4658698156682028 0.08499134948096886 0.04925115207373272
0 0.4905925605536332 0.4976958525345622 0.07936851211072664 0.051267281105990783
0 0.626189446366782 0.41589861751152074 0.07720588235294118 0.0587557603686636
0 0.5967776816608996 0.4602534562211982 0.06639273356401384 0.08755760368663594
