0 0.259360599078341 0.6942041522491349 0.13565668202764977 0.0657439446366782
0 0.6383928571428571 0.3701340830449827 0.09706221198156682 0.044333910034602075
0 0.6386808755760369 0.4774005190311419 0.059619815668202764 0.09234429065743945
0 0.5632200460829493 0.49935121107266434 0.06768433179723503 0.09169550173010381
0 0.6107430875576036 0.42679498269896193 0.10743087557603687 0.0689878892733564
0 0.5747407834101382 0.41414359861591693 0.0907258064516129 0.057525951557093426
0 0.511520737327189 0.4293901384083045 0.058179723502304145 0.08931660899653979
0 0.4750864055299539 0.42960640138408307 0.049827188940092165 0.07071799307958478
0 0.41244239631336405 0.49881055363321797 0.12442396313364056 0.051686851211072665
0 0.42223502304147464 0.4678849480968858 0.12154377880184332 0.04995674740484429
0 0.40380184331797236 0.4265787197231834 0.1152073732718894 0.05384948096885813
0 0.3889688940092166 0.3905709342560554 0.11952764976958526 0.041089965397923874
0 0.4526209677419355 0.3481833910034602 0.11722350230414746 0.04498269896193772
0 0.47047811059907835 0.29887543252595156 0.061923963133640555 0.07396193771626297
0 0.4209389400921659 0.3064446366782007 0.061347926267281104 0.07006920415224914
