0 0.38711072664359863 0.6139112903225806 0.03373702422145329 0.10973502304147466
0 0.41771193771626297 0.5990783410138248 0.03481833910034602 0.1152073732718894
0 0.3514273356401384 0.47767857142857145 0.041089965397923874 0.09418202764976959
0 0.3915441176470588 0.48315092165898615 0.03179065743944637 0.09533410138248848
0 0.47296712802768165 0.5237615207373272 0.08650519031141868 0.06422811059907835
0 0.44409602076124566 0.48689516129032256 0.07936851211072664 0.036002304147465435
0 0.5416306228373703 0.44671658986175117 0.061634948096885814 0.08986175115207373
0 0.47058823529411764 0.4578052995391705 0.07569204152249134 0.046370967741935484
0 0.47458910034602075 0.4251152073732719 0.08023356401384082 0.05414746543778802
0 0.5390354671280276 0.35685483870967744 0.03784602076124567 0.10080645161290322
0 0.4632352941176471 0.3558467741935484 0.03460207612456748 0.089573732718894
0 0.4938365051903114 0.3699596774193548 0.04173875432525952 0.09475806451612903
